Numbers:
4176 6642 235 1100 589 33 6327 1234 8888 15557 12345 11919 
Matrix:
1 7641 1467 6174 
2 6642 2466 4176 7641 1467 6174 
4 1100 11 1089 9810 189 9621 9621 1269 8352 8532 2358 6174 
5 7632 2367 5265 6552 2556 3996 9963 3699 6264 6642 2466 4176 7641 1467 6174 
3 4321 1234 3087 8730 378 8352 8532 2358 6174 

Sorted Matrix:
1 7641 1467 6174 
2 6642 2466 4176 7641 1467 6174 
3 4321 1234 3087 8730 378 8352 8532 2358 6174 
4 1100 11 1089 9810 189 9621 9621 1269 8352 8532 2358 6174 
5 7632 2367 5265 6552 2556 3996 9963 3699 6264 6642 2466 4176 7641 1467 6174 

